100
203
261
276
555
796
900
905
1163
1263
1540
1900
2065
2090
2505
3014
3158
3228
3387
3669
3734
4602
5066
5481
5534
5818
5834
6052
6205
6455
6872
7202
7359
7726
7889
8375
8631
8812
9294
9782
9841
10854
11075
11289
11557
11576
12116
12734
12978
12988
13162
13549
13729
14095
14134
14184
14276
14809
15136
15447
15620
15901
16276
16560
16727
17253
17377
17886
17916
17973
18025
18382
18396
18470
18844
19090
19709
19816
19905
19940
20433
20461
20483
20743
20830
20908
21020
21036
21048
21412
21423
21480
21531
21662
21697
21815
21922
21972
22461
22565
23359
23360
23403
23678
23781
23848
23876
23972
24382
24473
24523
24745
24974
25037
25200
25502
25631
25735
25850
25942
26339
26409
26516
26651
26982
27211
27222
27373
27410
27429
27655
27958
27965
28046
28257
28523
28666
28830
29125
29263
29427
29457
29653
29744
30004
30197
30375
30499
30666
30774
30988
31013
31542
31975
32235
32519
32712
32727
32759
32841
33443
33499
33545
33810
33852
34420
34890
34937
35275
35290
35430
35446
35717
36240
36414
36425
36706
36717
36732
37172
37248
37985
38112
38277
38425
38479
38769
38979
39007
39266
39333
39379
39384
39500
39898
40191
40230
40484
40807
40859
40930
41490
41608
41679
41964
41986
42133
42786
43517
43558
43818
44197
44269
44610
44760
45001
45417
45525
46380
46412
46588
47023
47066
48100
48103
48203
48266
48333
48810
49302
49558
49802
50788
51138
51283
51388
51401
51848
51942
53226
54004
54249
54325
54708
55005
55054
55758
55789
55853
55898
56153
56169
56239
56281
56478
56855
57088
57641
57979
58327
58504
58558
58665
59145
59335
60006
60020
60299
60598
60924
61077
61242
61258
61453
61710
62593
62627
62706
63350
63508
63541
63745
64057
64281
64830
64967
65090
65372
66013
66055
66061
66169
66394
66462
67395
67442
67513
67657
67994
68019
68119
68208
68478
68527
68564
68650
68896
68948
69043
69069
69135
69163
69342
69486
69767
69826
70713
71100
71177
71468
71571
72423
72798
73233
73648
73694
73846
74202
74206
74213
74221
74319
75424
75551
76360
76410
76556
76644
77023
77370
77563
77584
77654
77935
78149
78213
78766
79257
79585
79778
80015
80286
80493
80503
80576
80824
81418
81441
81963
82288
82415
83037
83150
83330
83443
83891
85000
85554
86067
86182
86574
86584
86635
86668
86687
87699
87728
87944
88107
88307
88486
88612
89134
89180
89819
89912
89959
89990
90180
90297
90351
90383
90413
90553
90603
90988
91263
91464
91556
91999
92187
93296
93354
93390
93420
93884
93922
94110
94323
94573
94606
94752
94999
95224
95236
95372
95639
95685
95780
95817
95905
95953
96461
96528
96616
97171
97175
97248
97466
97627
97840
97878
98098
98288
98777
98914
99038
99304
99606
99810
100177
100366
100649
101235
101322
101579
101796
101912
102329
102365
102676
102677
102826
102915
103100
103531
104211
104667
104816
104939
105039
105343
105363
105661
105694
105819
105925
106522
106641
106876
106881
107419
107710
108895
108986
109165
109309
110126
110203
110491
111197
111432
112041
112195
112222
112267
112309
112413
112501
112967
113062
113325
113329
113915
114078
114480
115081
115096
115224
115398
115736
115892
115954
116214
116283
117058
117120
117568
117833
118040
118192
118380
118404
118528
118617
118643
119111
119352
119412
119473
119501
119780
119868
120204
120208
120261
120696
120714
120991
121261
122078
122094
122233
122358
122617
122626
122726
122874
123052
123357
123390
123572
123842
124110
124267
124318
124418
124583
124632
124756
124832
124851
125012
126157
126306
126531
126595
126596
127609
127707
127992
128702
128888
129920
129971
130058
130130
130515
131226
131489
131570
132141
132366
132380
132578
132817
133263
133545
133660
134052
134061
134119
134123
134190
134209
134679
134704
135164
135296
135688
135720
135749
136122
136142
136169
136557
136793
137278
137280
137667
137741
137923
138070
138101
138331
138611
138625
138637
139075
139107
139199
139757
139967
140216
140433
140613
140937
140971
141094
141230
141950
141995
142301
142494
142872
143203
143342
144000
144449
144492
144885
145031
145623
145658
145840
146340
146343
146481
146679
146688
146707
146817
147047
147381
147401
147493
147529
147665
147935
148682
148903
149357
149369
149635
150015
150239
150710
150920
151378
151490
151718
152046
152066
152229
152293
152388
152432
152510
152758
152814
152903
153040
153044
153762
153943
154271
154360
155078
155176
155578
155708
155938
156063
156090
156375
156452
156603
156712
156840
157028
157221
157267
157316
157549
157633
157793
158122
158545
158588
158753
159237
159875
159907
159908
160382
160503
160561
160728
161046
161405
161941
162287
162336
162480
163058
163490
163498
163525
163598
164054
164748
165585
165622
166275
166359
167130
167235
167269
167423
167537
167743
167857
168032
168058
168071
168326
168952
169140
169655
169746
170276
170536
170613
170790
170846
171089
171231
171290
171296
171378
171417
171811
171852
172047
172077
172792
172820
173381
173715
173725
174037
174057
174175
174412
174498
174563
174576
174704
174907
174908
175016
175471
175731
176106
176325
176335
176349
176478
176498
176743
177160
177781
178339
178369
178671
178858
178981
179177
179321
179363
179601
179860
180207
180252
180298
180488
180641
181085
181109
181189
181509
181993
182309
182349
182451
182493
182721
182813
182834
182851
183254
183279
183416
183965
183977
185278
185590
185786
186017
186077
186330
186760
186773
187394
187752
188007
188253
188276
188311
188336
188381
188845
189194
189310
189499
189622
189809
189812
189954
190308
190413
190423
190477
190569
190703
190754
191170
191604
191758
191969
192049
192195
192228
192776
193020
193565
193614
193923
193982
193999
194217
194319
194350
194458
194609
194836
195028
195061
195496
195526
195554
195579
195679
195748
195888
196013
196035
196085
196182
196335
196875
197676
197696
197789
197793
197996
198247
198262
198297
199373
199539
199660
200048
200643
200755
200815
201114
201189
201216
201249
201442
201455
201507
201765
201934
201993
202312
202354
202452
202744
203042
203094
203388
203525
203728
204077
204167
204733
204838
205150
205247
205518
205532
205674
205844
206378
206393
206631
207037
207292
207340
207486
207492
207615
207636
207655
207759
207833
207922
208309
208450
208685
209017
209162
209748
209880
209932
210058
210062
210088
210653
211027
211293
211568
211726
212214
212405
212723
212855
212931
212988
213024
213051
213171
213548
213798
213830
213914
214187
214287
215229
215334
215548
215707
216060
216337
216521
216663
216702
216966
217584
217748
217814
217846
217877
218180
218258
218648
218696
218713
218726
218996
219088
219272
219332
219382
219387
219389
219877
220351
220425
220448
220900
220913
221360
221366
221975
222433
222463
222489
222659
222761
222896
223497
223550
224120
224322
224684
225147
225456
225521
225839
225920
226055
226083
226648
226680
226774
226901
227109
227178
227424
227569
227779
227804
227856
228228
228299
228463
229292
229330
229404
229418
229476
229802
229842
229862
229877
229897
230310
230541
230543
230766
230822
231418
232121
232234
232681
233239
233270
233293
233334
233394
233754
233838
233841
234041
234128
234221
234494
235001
235070
235115
235254
235382
235908
236066
236084
236686
237184
237582
237613
237929
238164
238506
238572
239247
239538
239683
239783
240334
240739
241049
241233
241329
242133
242434
242689
242691
242815
242852
242938
243317
243712
243898
244121
244150
244153
244214
244601
244738
245428
245857
246081
246387
246526
246964
246994
247141
247169
247203
247323
247746
247752
247887
248187
248315
248320
248453
248482
248619
249515
249996
250043
250168
250170
251157
251212
251314
251398
251664
251718
252093
252122
252261
252354
252403
252501
252509
252678
252790
252943
253177
253219
253242
253329
253624
253865
253947
254011
254214
254235
254347
254549
254932
255000
255111
255347
255724
255770
256117
256341
256652
256981
257866
257969
258146
258757
258787
258879
259037
259184
259321
259430
259532
259576
259780
260007
260166
260400
260429
261018
261165
261489
261513
261951
262082
